For the ligand from a cooling process.

Using large grid:
array([[ 246.661444  ,  -28.10835713,    8.84165892,  227.39474579],
       [ 273.8181144 ,  -27.02398156,    8.98134762,  255.77548046],
       [ 227.927584  ,  -27.59978519,    8.84039368,  209.16819249],
       [ 231.546744  ,  -27.25356699,    8.93125008,  213.22442709],
       [ 214.8935872 ,  -27.60292309,    8.92251389,  196.213178  ],
       [ 241.2599    ,  -29.6333081 ,    8.85307622,  220.47966812],
       [ 235.8591928 ,  -28.28029538,    8.90407751,  216.48297493],
       [ 252.4378744 ,  -27.22722726,    8.8412673 ,  234.05191444],
       [ 278.9405856 ,  -26.53414005,    8.79210363,  261.19854918],
       [ 241.5101032 ,  -26.83726332,    8.90121565,  223.57405553]])

Using small grid (1.5 x the molecular range):
array([[ 246.661444  ,  -28.22375472,    8.84165892,  227.27934821],
       [ 273.8181144 ,  -27.83096428,    8.98134762,  254.96849774],
       [ 227.927584  ,  -26.78720207,    8.84039368,  209.98077561],
       [ 231.546744  ,  -26.56906328,    8.93125008,  213.9089308 ],
       [ 214.8935872 ,  -26.92811657,    8.92251389,  196.88798452],
       [ 241.2599    ,  -29.32227058,    8.85307622,  220.79070564],
       [ 235.8591928 ,  -28.02075048,    8.90407751,  216.74251983],
       [ 252.4378744 ,  -27.06438398,    8.8412673 ,  234.21475773],
       [ 278.9405856 ,  -26.46930696,    8.79210363,  261.26338227],
       [ 241.5101032 ,  -27.25632929,    8.90121565,  223.15498956]])

Using small grid (2.0 x the molecular range):
array([[ 246.661444  ,  -28.22375472,    8.84165892,  227.27934821],
       [ 273.8181144 ,  -27.83096428,    8.98134762,  254.96849774],
       [ 227.927584  ,  -26.78720207,    8.84039368,  209.98077561],
       [ 231.546744  ,  -26.56906328,    8.93125008,  213.9089308 ],
       [ 214.8935872 ,  -26.92811657,    8.92251389,  196.88798452],
       [ 241.2599    ,  -29.32227058,    8.85307622,  220.79070564],
       [ 235.8591928 ,  -28.02075048,    8.90407751,  216.74251983],
       [ 252.4378744 ,  -27.06438398,    8.8412673 ,  234.21475773],
       [ 278.9405856 ,  -26.46930696,    8.79210363,  261.26338227],
       [ 241.5101032 ,  -27.25632929,    8.90121565,  223.15498956]])